Vetor de retornos: 

       AAA        BBB        CCC        DDD        EEE 
0.07260913 0.06290299 0.11215620 0.10772119 0.06559817 

Matriz de covariância:

            AAA         BBB         CCC         DDD         EEE
AAA  0.60299957 -0.04115103  0.09279370 -0.20857805  0.04616338
BBB -0.04115103  0.55839185 -0.05424207 -0.01079802 -0.21042798
CCC  0.09279370 -0.05424207  0.45607633 -0.02474076 -0.03515193
DDD -0.20857805 -0.01079802 -0.02474076  0.30340654  0.02627551
EEE  0.04616338 -0.21042798 -0.03515193  0.02627551  0.43591650

Carteira tangente:
Pesos:
         AAA          BBB          CCC          DDD          EEE 
1.719382e-01 3.774396e-02 2.732661e-01 5.170516e-01 1.613565e-08 

Risco: 0.3104	Retorno: 0.1012	Índice de Sharpe: 0.1166

----

Vetor de retornos: 

   PETR4.SA    ITSA4.SA    VALE3.SA    BBDC4.SA    ABEV3.SA 
 0.38602108  0.17797233  0.62813019  0.16168772 -0.01751127 

Matriz de covariância:

          PETR4.SA  ITSA4.SA  VALE3.SA  BBDC4.SA ABEV3.SA
PETR4.SA 52.245232 16.106983 13.732953 18.330709 6.582619
ITSA4.SA 16.106983 18.171465  5.905441 15.605186 5.209403
VALE3.SA 13.732953  5.905441 40.459410  6.348462 4.081527
BBDC4.SA 18.330709 15.605186  6.348462 20.791920 5.538126
ABEV3.SA  6.582619  5.209403  4.081527  5.538126 8.014403

Carteira tangente:
Pesos:

    PETR4.SA     ITSA4.SA     VALE3.SA     BBDC4.SA     ABEV3.SA 
1.625856e-01 6.508021e-02 7.723341e-01 5.956162e-08 5.560247e-11 

Risco: 5.4750	Retorno: 0.5595	Índice de Sharpe: 0.0903
